--- R3_HUGE Training Report Card (2026-02-13) ---
Step       | Loss       | Acc        | Edit Dist    | LR        
------------------------------------------------------------
10000      | 39.347736  | 0.0391     | 0.3203       | 0.000085  
20000      | 12.444522  | 0.0000     | 0.0829       | 0.000199  
30000      | 11.050681  | 0.0000     | 0.0969       | 0.000198  
40000      | 10.090319  | 0.0000     | 0.0903       | 0.000196  
50000      | 9.844612   | 0.0000     | 0.0992       | 0.000194  
60000      | 10.541012  | 0.0000     | 0.0948       | 0.000191  
70000      | 10.168140  | 0.0000     | 0.0987       | 0.000188  
80000      | 10.670926  | 0.0000     | 0.1091       | 0.000184  
90000      | 10.958724  | 0.0000     | 0.1096       | 0.000180  
100000     | 8.531613   | 0.0000     | 0.1012       | 0.000175  
110000     | 9.822033   | 0.0000     | 0.1036       | 0.000170  
